Fs = 40000;                    % Sampling frequency
T = 1/Fs;    
L=2048;% Sample time
z= hex2num(150b 350C 130C A20C E50C CF0C 700B BC0A C709 8608 0906 5D04 8702 9600 94FE 8FFC 94FA B3F8 F3F7 61F6 0AF4 EFF4 21F3 9BF3 66F3 87F3 F2F4 B5F5 B3F7 03F8 82FA 38FC 11FE 0800 0802 0D04 0305 E107 9D09 230A 770B 840C 460C C20C E60C BD0C 400B 780A 6809 1407 8805 CC03 EA01 F4FF F0FD F0FB FBFA 20F8 71F6 EDF5 A8F4 A4F3 EEF3 7FF3 6CF3 9EF4 27F4 FBF6 18F7 75F9 09FA CCFC ADFE AA00 A802 B204 9F06 7208 2109 970A D30B CA0C 760C D50C E40C 9E0C 080B 2B0A FF07 9E06 FD05 3503 4E01 51FF 4CFD 4CFB 63F9 90F7 F3F6 80F5 51F4 61F3 C3F3 72F3 73F3 C4F4 62F5 4DF6 81F7 F0F9 93FB 5FFD 4DFF 5001 4F03 5005 3406 0309 980A 020B 2B0C 080C A20C E30C D50C 770B CB0A D309 9808 1D06 7104 A102 AE00 ABFE A9FC A9FA CDF9 05F7 7BF6 13F4 02F5 25F3 A1F3 66F3 83F3 ECF4 A7F5 A7F6 EFF8 70FA 22FB FBFD F0FF ED01 F803 E905 CE07 8609 150A 650B 780C 410C BD0C E90C BE0C 480B 830A 7509 2607 9C05 E204 0102 0B00 08FE 07FC 11FA 3AF8 84F7 FFF4 BAF4 AFF3 F5F3 85F3 68F3 96F4 21F4 EEF6 0AF7 63F8 F3FA B3FC 96FE 9100 9502 9604 8906 5C08 0A09 8A0A C20B C40C 6F0C D20C E40C A30C 110B 350A 1208 AD07 1405 4D03 6701 68FF 65FD 66FB 76F9 A7F8 01F6 92F5 59F4 6FF3 C5F3 75F3 6CF3 BCF4 57F5 44F6 70F7 DCF9 7EFB 48FD 38FF 3301 3903 3A05 1C06 EE08 8309 F50B 190C 050C 960C E40C D40C 7E0B D40A E009 AA08 2E06 8B04 B202 C900 C2FE C7FC C4FA E2F9 1BF7 89F6 27F5 0BF4 2CF3 A6F3 66F3 7FF3 E7F4 9AF5 9AF6 DCF8 5DFA 0CFB E7FD D4FF DB01 D903 D705 B707 7109 020A 580B 6E0C 390C B90C E70C C60C 4E0B 910A 8109 3807 AD05 F804 1702 2700 20FE 1DFC 2AFA 4AF8 9AF7 0FF5 C7F4 B8F3 FEF3 86F3 68F3 98F4 15F4 E7F5 F8F7 52F8 E1FA 9CFC 84FE 7600 7F02 7B04 7306 4607 F609 730A BA0B B60C 6B0C D00C E50C A80C 1C0B 420A 2108 C207 2805 6303 7B01 81FF 7AFD 7FFB 8BF9 C0F8 12F6 A1F5 6BF4 74F3 D0F3 75F3 6DF3 B6F4 51F5 34F6 63F7 C5F9 6BFB 32FD 1DFF 1E01 1E03 2105 0906 D608 7509 E40B 0F0B FA0C 930C DF0C D90C 840B E10A EB09 B708 4206 A004 C802 E100 DDFE DBFC DDFA F6F9 33F7 97F6 37F5 12F4 39F3 A6F3 6DF3 7AF3 DDF4 90F5 8BF6 CFF8 46F9 FBFB C9FD C0FF BF01 C503 BB05 A107 5D08 F10A 480B 600C 330C B20C E90C C80C 580B 990A 9409 4407 C706 0A04 3602 3A00 3BFE 37FC 40FA 68F8 A8F7 26F5 D2F4 C7F4 03F3 8AF3 69F3 91F4 13F4 D6F5 EDF7 3DF8 CEFA 86FC 68FE 5F00 6502 6304 5B06 2D07 E909 610A AC0B AB0C 680C CE0C E60C AC0C 240B 4F0A 2D08 D207 3C05 7903 9501 9DFF 93FD 9BFB A3F9 D5F8 2BF6 AEF5 78F4 7EF3 D5F3 78F3 69F3 B0F4 47F5 2BF6 50F7 BAF9 51FB 1EFD 04FF 0401 0603 0604 F406 BF08 6409 D40B 030B EF0C 8E0C DB0C DC0C 890B E60A FB09 C608 5906 AF04 E802 F100 FCFE F0FC F6FB 0DF9 48F7 A8F6 4AF5 1DF4 43F3 ABF3 6CF3 7BF3 D5F4 88F5 7FF6 BBF8 35F9 E1FB B5FD A7FF A401 AF03 A305 8E07 4908 E00A 3A0B 540C 2A0C B20C E30C CC0C 5E0B A30A A209 5907 D506 2504 4802 5400 53FE 50FC 59FA 78F8 BFF7 30F5 E5F4 D0F4 09F3 92F3 63F3 91F4 04F4 D1F5 DAF7 2EF8 B7FA 71FC 53FE 4800 4902 5104 3F06 2007 CD09 560A 9C0B A00C 5C0C CD0C E40C B40C 290B 5A0A 3E08 E507 4F05 9103 B001 B4FF AEFD AFFB BCF9 E8F8 3CF6 C1F5 80F4 8CF3 D7F3 7EF3 66F3 AFF4 3DF5 1BF6 42F7 A6F9 40FB 09FC EBFE EA00 ED02 F104 DB06 AC08 5009 C20A F80B E40C 860C DB0C DD0C 900B F20B 0909 D508 6B06 C404 FA03 0E01 10FF 0AFD 0DFB 25F9 5BF7 BEF6 57F5 2DF4 4BF3 B3F3 6BF3 75F3 D3F4 7CF5 73F6 AAF8 23F9 CDFB 9CFD 92FF 8E01 9203 9205 7407 3708 CD0A 280B 4E0C 1F0C AD0C E50C CF0C 640B B30A AC09 6C07 E706 3B04 5F02 6F00 69FE 6AFC 6AFA 91F8 CEF7 48F5 F1F4 DDF4 11F3 94F3 65F3 89F3 01F5 C1F5 D0F7 1EF8 A0FA 5FFC 34FE 3500 2F02 3A04 2906 0607 BD09 410A 900B 950C 570C C50C E70C B90C 330B 690A 4C08 F807 6805 A703 C301 CFFF C6FD C9FB D3F9 FFF8 4CF6 D4F5 90F4 95F3 DFF3 80F3 68F3 A8F4 34F5 11F6 30F7 95F9 2AFA F0FC D6FE D100 D702 D504 C606 9308 3E09 B20A E80B D90C 800C DA0C DF0C 970B FD0B 1209 EB08 7906 DF05 1003 2601 2BFF 23FD 24FB 3EF9 6DF7 D3F6 66F5 38F4 56F3 B5F3 70F3 74F3 CDF4 71F5 68F6 97F8 14F9 B6FB 88FD 78FF 7401 7C03 7205 5F07 1F08 BE0A 160B 410C 150C A80C E50C CF0C 6E0B B70A BD09 7A07 FD06 4F04 7702 8700 82FE 80FC 88FA A3F8 EAF7 53F6 02F4 E8F4 1CF3 97F3 67F3 89F3 F5F4 BBF5 BCF7 0EF8 8CFA 4AFC 1EFE 1900 1802 2004 1205 EF07 A909 2F0A 820B 8B0C 4D0C C30C E70C B90C 3D0B 710A 5C09 0807 7905 C303 D801 E5FF DFFD DFFB ECFA 12F8 64F6 E4F5 A2F4 9CF3 E8F3 81F3 67F3 A1F4 2DF5 FFF5 28F7 7BF9 1BFA D7FC BEFE BA00 BB02 BF04 AE06 8008 2C09 A10A DD0B CF0C 7C0C D80C E00C 9D0C 010B 2209 F508 9206 EF05 2903 3C01 40FF 3FFD 3CFB 54F9 82F7 E5F6 76F5 47F4 5BF3 BFF3 70F3 70F3 C8F4 66F5 5CF6 89F7 FAF9 A3FB 6EFD 61FF 5A01 6403 5E05 4907 0B08 AB0A 0C0B 330C 0D0C A10C E50C D50C 750B C10A CC09 8C08 1106 6504 8C02 A000 99FE 98FC A1FA B8F8 FEF7 68F6 0CF4 F7F4 1EF3 A1F3 63F3 87F3 EEF4 AEF5 AFF6 FBF8 7AFA 32FC 0AFE FEFF 0202 0403 FD05 DD07 9209 200A 6F0B 810C 450C C30C E40C C30C 410B 7F0A 6A09 1C07 8E05 D603 F201 FDFF FBFD F7FC 00FA 2BF8 77F6 F0F5 B2F4 A3F3 F5F3 83F3 64F3 A0F4 22F4 FAF6 13F7 6EF9 02FA C4FC A9FE 9E00 A402 A504 9706 6B08 1909 8F0A D00B C50C 760C D40C E50C 9E0C 0F0B 2B0A 0708 A107 0505 3E03 5901 55FF 55FD 54FB 69F9 98F7 FAF6 86F5 55F4 64F3 C3F3 6FF3 71F3 BEF4 62F5 49F6 7BF7 E9F9 8CFB 5AFD 43FF 4801 4803 4805 2E06 F908 9209 000C 210C 0A0C 9A0C E20C D40C 790B CF0A D709 9908 2706 7504 AA02 B500 B4FE B4FC B4FA D4F9 0DF7 7FF6 1AF4 02F5 2AF3 A1F3 69F3 83F3 E7F4 A7F5 A0F6 E9F8 67FA 1AFB F3FD E8FF E701 ED03 E205 C607 7F09 0E0A 600B 750C 3E0C B90C E60C C00C 480B 8C0A 7609 2F07 A105 EB04 1002 0D00 15FE 0CFC 1AFA 40F8 89F7 03F5 BCF4 B3F3 F5F3 87F3 67F3 97F4 1CF4 E8F6 05F7 5CF8 EBFA AEFC 8DFE 8600 8B02 8B04 8106 5408 0509 7F0A BF0B BE0C 6E0C D40C E50C A60C 160B 380A 1808 B407 1B05 5503 6E01 72FF 6EFD 6CFB 83F9 ADF8 0AF6 95F5 62F4 71F3 C9F3 73F3 6EF3 B7F4 59F5 3FF6 6AF7 D3F9 79FB 3DFD 31FF 2801 3603 2C05 1906 E308 8209 EB0B 190B FE0C 970C E10C DB0C 800B DA0A E209 AE08 3706 8C04 C302 C800 D1FE C4FC D4FA E4F9 27F7 8CF6 31F5 0CF4 32F3 A6F3 66F3 7FF3 E2F4 99F5 95F6 D7F8 54FA 04FB DCFD CDFF D101 D103 CE05 AF07 6C08 FC0A 530B 6A0C 370C B70C E90C C30C 550B 920A 8709 3D07 B705 FF04 2102 2D00 2AFE 26FC 33FA 54F8 9EF7 16F5 CCF4 BEF3 FEF3 8BF3 65F3 98F4 10F4 E6F5 F1F7 51F8 D6FA 98FC 78FE 6E00 7302 7904 6306 4407 EF09 730A B10B B40C 640C D60C E30C AC0C 1B0B 460A 2708 C507 3105 6C03 8701 8BFF 84FD 88FB 95F9 C3F8 1CF6 A6F5 6FF4 78F3 CFF3 76F3 6CF3 B6F4 4AF5 33F6 5CF7 C4F9 62FB 2AFD 13FF 1401 1A03 1605 0406 D008 6E09 E00B 080B F80C 8D0C E10C D80C 880B E00A F309 BC08 4A06 A504 D602 E300 EAFE DDFC EAFA FCF9 3AF7 9EF6 3DF5 17F4 3EF3 AAF3 6AF3 7AF3 DEF4 8CF5 89F6 C8F8 3DF9 F6FB BFFD B8FF B501 BB03 B505 9807 5B08 EA0A 440B 5B0C 300C B10C E80C C60C 5B0B 9D0A 9709 5007 C706 1404 3B02 4200 47FE 3DFC 4CFA 68F8 B3F7 29F5 D7F4 CAF4 03F3 8CF3 67F3 91F4 0CF4 D6F5 E7F7 39F8 C3FA 84FC 5EFE 5A00 5A02 5D04 4F06 2B07 DC09 600A A50B A70C 610C C80C E90C AB0C 270B 510A 3808 D607 4605 8503 9901 A6FF 9DFD A0FB AFF9 D7F8 2FF6 B4F5 7BF4 83F3 D6F3 76F3 6BF3 ADF4 42F5 27F6 48F7 B5F9 4BFB 1AFC FAFE FB00 FE02 FD04 EB06 B708 5C09 CC0A FD0B EB0C 8A0C DD0C DB0C 8B0B E90A 000A CA08 6106 B904 ED02 FD01 03FE F8FC 00FC 15F9 4CF7 B2F6 4CF5 22F4 47F3 ABF3 6BF3 75F3 D6F4 81F5 7DF6 B4F8 31F9 D8FB ACFD 9DFF 9E01 A403 9D05 8307 4308 DB0A 340B 530C 270C AE0C E80C CB0C 600B AA0A A309 6207 DE06 2C04 5002 6200 58FE 5AFC 5EFA 83F8 C7F7 36F5 EBF4 D2F4 10F3 92F3 65F3 8EF4 04F4 CAF5 DAF7 25F8 B2FA 69FC 49FE 4000 4202 4704 3806 1607 CB09 4C0A 970B 9B0C 5A0C C90C E60C B30C 2F0B 5C0A 4408 E807 5C05 9503 B801 BBFF B7FD BAFB C3F9 F2F8 41F6 C8F5 86F4 8FF3 DBF3 7BF3 69F3 A8F4 3AF5 18F6 3BF7 A0F9 36FA 00FD E5FE E500 E402 E604 D206 A508 4C09 BC0A F30B E00C 870C DB0C DE0C 930B F30B 0F09 DB08 7206 CE05 0603 1701 1AFF 10FD 18FB 28F9 67F7 C1F6 5CF5 32F4 4BF3 B5F3 6CF3 76F3 D2F4 7BF5 6AF6 A8F8 18F9 C7FB 97FD 86FF 8601 8803 8605 6B07 3208 C50A 250B 470C 1C0C AA0C E50C CE0C 660B B50A B109 7407 F106 4204 6802 7500 74FE 6EFC 7AFA 94F8 DCF7 49F5 F7F4 DCF4 18F3 92F3 6AF3 84F3 00F5 C0F5 C9F7 14F8 9DFA 53FC 32FE 2300 2D02 2704 2805 FB07 BA09 390A 8C0B 900C 550C C40C E90C B80C 360B 680A 5608 F707 7305 AC03 CE01 D4FF D3FD CBFB DDFA 05F8 56F6 DBF5 96F4 96F3 E6F3 7FF3 69F3 A6F4 34F5 0BF6 2CF7 8CF9 22FA EAFC 